Open time,Open,High,Low,Close,Volume
2019-01-01,3701.23,3810.16,3642.0,3797.14,23741.687033
2019-01-02,3796.45,3882.14,3750.45,3858.56,35156.463369
2019-01-03,3857.57,3862.74,3730.0,3766.78,29406.948359
2019-01-04,3767.2,3823.64,3703.57,3792.01,29519.554671
2019-01-05,3790.09,3840.99,3751.0,3770.96,30490.667751
2019-01-06,3771.12,4027.71,3740.0,3987.6,36553.806709
2019-01-07,3987.62,4017.9,3921.53,3975.45,31869.846264
2019-01-08,3976.76,4069.8,3903.0,3955.13,38901.423122
2019-01-09,3955.45,4006.81,3930.04,3966.65,28989.439511
2019-01-10,3966.06,3996.01,3540.0,3585.88,59402.22851
2019-01-11,3585.88,3658.0,3465.0,3601.31,38338.654733
2019-01-12,3601.31,3618.19,3530.0,3583.13,21999.928354
2019-01-13,3584.1,3611.1,3441.3,3476.81,26385.757454
2019-01-14,3477.56,3671.87,3467.02,3626.09,35235.211215
2019-01-15,3626.08,3648.42,3516.62,3553.06,34137.997459
2019-01-16,3553.06,3645.0,3543.51,3591.84,27480.179977
2019-01-17,3591.84,3634.7,3530.39,3616.21,29755.440838
2019-01-18,3613.32,3620.0,3565.75,3594.87,22713.446755
2019-01-19,3594.87,3720.0,3594.23,3665.3,22171.578123
2019-01-20,3665.75,3693.73,3475.0,3539.28,27901.938598
2019-01-21,3539.26,3559.51,3475.5,3526.9,19644.436839
2019-01-22,3526.88,3608.5,3434.85,3570.93,29336.442967
2019-01-23,3570.41,3607.98,3514.5,3552.82,24938.842698
2019-01-24,3552.97,3589.0,3529.22,3569.62,20826.25118
2019-01-25,3569.07,3587.15,3522.51,3565.29,17608.346671
2019-01-26,3566.69,3662.94,3545.0,3565.25,19476.532344
2019-01-27,3565.62,3579.0,3486.0,3550.84,22735.598162
2019-01-28,3550.05,3557.75,3380.27,3434.15,40405.111401
2019-01-29,3434.0,3443.45,3349.92,3411.04,29544.928977
2019-01-30,3410.04,3478.0,3387.1,3458.18,23968.260243
2019-01-31,3457.5,3489.2,3418.8,3434.1,29607.190253
2019-02-01,3434.1,3488.0,3401.2,3462.07,25260.476159
2019-02-02,3462.2,3526.4,3440.29,3504.77,17920.802
2019-02-03,3504.06,3511.09,3426.0,3458.11,19867.33639
2019-02-04,3458.11,3484.88,3433.31,3463.22,23131.981108
2019-02-05,3463.22,3478.97,3448.43,3471.59,25264.41503
2019-02-06,3471.57,3482.72,3380.0,3405.37,35310.244846
2019-02-07,3407.0,3426.45,3390.0,3398.4,18665.538638
2019-02-08,3398.4,3733.58,3373.1,3659.04,47968.058013
2019-02-09,3660.27,3680.02,3625.13,3665.18,24759.833719
2019-02-10,3665.18,3684.99,3609.76,3680.06,23250.602634
2019-02-11,3679.75,3684.9,3615.53,3631.05,24954.614571
2019-02-12,3631.05,3667.6,3582.34,3631.46,29479.59823
2019-02-13,3631.51,3670.0,3591.75,3609.4,25773.997648
2019-02-14,3608.34,3626.4,3568.11,3590.56,21753.501261
2019-02-15,3590.57,3653.23,3573.45,3602.47,20777.872899
2019-02-16,3602.49,3648.2,3597.91,3618.41,19565.992751
2019-02-17,3617.22,3700.11,3604.4,3667.58,25690.227779
2019-02-18,3667.62,3925.0,3655.0,3898.6,64042.730492
2019-02-19,3897.35,3994.52,3856.0,3907.79,50207.172667
2019-02-20,3907.35,3986.98,3870.66,3969.74,36205.14085
2019-02-21,3969.74,4016.48,3901.03,3937.31,31103.884728
2019-02-22,3937.31,3988.0,3926.65,3962.0,23943.16375
2019-02-23,3962.0,4162.02,3933.15,4117.76,33657.942883
2019-02-24,4118.0,4198.0,3712.66,3743.56,62224.18689
2019-02-25,3743.56,3872.66,3740.0,3827.92,38102.966245
2019-02-26,3828.44,3841.51,3777.0,3809.23,28838.748036
2019-02-27,3809.31,3838.85,3677.17,3818.07,31500.995466
2019-02-28,3818.04,3888.0,3763.87,3813.69,32561.961044
2019-03-01,3814.26,3857.0,3813.01,3823.0,23174.57217
2019-03-02,3822.17,3841.31,3772.25,3819.93,19445.838355
2019-03-03,3819.97,3835.0,3781.32,3807.75,16718.16541
2019-03-04,3807.32,3830.0,3670.69,3715.3,34742.84166
2019-03-05,3716.1,3877.1,3703.55,3857.73,32962.536162
2019-03-06,3857.58,3907.0,3813.09,3861.84,24775.11883
2019-03-07,3861.84,3905.4,3840.4,3873.64,26455.257661
2019-03-08,3873.63,3932.0,3800.0,3864.89,34730.366592
2019-03-09,3864.88,3971.75,3854.75,3943.04,30979.747653
2019-03-10,3943.43,3943.43,3881.69,3916.82,23187.561412
2019-03-11,3915.99,3936.98,3830.0,3871.61,38066.885705
2019-03-12,3871.61,3905.2,3826.06,3882.73,26921.008622
2019-03-13,3882.69,3893.56,3840.0,3866.0,24461.008757
2019-03-14,3866.0,3920.0,3810.43,3877.12,27048.74853
2019-03-15,3877.12,3939.22,3872.2,3923.76,21740.061498
2019-03-16,3924.46,4056.98,3921.98,4005.98,28568.376124
2019-03-17,4005.98,4012.0,3950.01,3981.14,18814.255577
2019-03-18,3981.85,4037.0,3953.33,3987.81,22454.47801
2019-03-19,3987.83,4031.0,3970.0,4015.53,19893.741815
2019-03-20,4017.48,4050.0,3980.5,4043.04,23432.300255
2019-03-21,4043.04,4069.32,3880.01,3980.64,35997.682119
2019-03-22,3980.85,4008.0,3968.25,3986.93,20022.606318
2019-03-23,3987.89,4018.83,3978.01,4006.01,17302.604318
2019-03-24,4006.01,4006.02,3950.0,3992.18,17179.850648
2019-03-25,3991.35,3999.3,3888.71,3936.12,33192.890217
2019-03-26,3935.47,3958.98,3894.0,3948.55,29349.537627
2019-03-27,3948.77,4048.0,3936.15,4038.05,32364.555852
2019-03-28,4039.58,4039.7,4002.0,4027.81,20089.293875
2019-03-29,4028.22,4123.71,4024.03,4103.25,30084.217444
2019-03-30,4104.24,4140.0,4052.0,4106.97,19509.292601
2019-03-31,4106.99,4116.12,4082.57,4103.95,13525.087433
2019-04-01,4102.44,4158.7,4067.0,4144.56,25507.067641
2019-04-02,4144.54,4897.99,4140.54,4857.29,105383.639263
2019-04-03,4857.19,5275.01,4753.5,4932.6,109890.125743
2019-04-04,4932.59,5039.08,4777.0,4898.66,61054.254168
2019-04-05,4898.64,5028.22,4880.62,5004.95,39768.552806
2019-04-06,5004.96,5205.0,4928.59,5043.89,41770.842313
2019-04-07,5042.07,5234.0,5026.0,5170.27,37615.486804
2019-04-08,5170.27,5305.0,5039.0,5236.9,50178.430782
2019-04-09,5238.38,5238.4,5076.68,5150.0,34067.012311
2019-04-10,5150.0,5422.0,5135.0,5308.25,40073.620471
2019-04-11,5307.86,5332.67,4927.0,5017.37,54696.600686
2019-04-12,5017.37,5080.58,4861.22,5048.01,33276.678614
2019-04-13,5047.0,5099.0,5004.0,5045.22,17292.456802
2019-04-14,5047.45,5152.99,5000.0,5131.3,18281.607739
2019-04-15,5131.28,5167.38,4950.0,5024.95,29057.191581
2019-04-16,5024.95,5197.72,5003.94,5173.72,24242.229493
2019-04-17,5173.72,5230.4,5146.8,5202.82,23307.536134
2019-04-18,5202.41,5287.0,5198.8,5258.44,22619.239001
2019-04-19,5258.44,5320.0,5175.0,5258.68,24611.236323
2019-04-20,5258.68,5333.42,5230.1,5291.73,19168.908274
2019-04-21,5292.91,5314.35,5165.0,5256.14,25549.570939
2019-04-22,5257.41,5400.0,5208.35,5357.14,29563.852309
2019-04-23,5357.14,5600.0,5332.41,5493.31,41262.103917
2019-04-24,5490.91,5582.2,5333.35,5415.0,48224.152413
2019-04-25,5415.0,5491.84,5102.0,5219.9,49636.089948
2019-04-26,5220.47,5510.0,5161.62,5314.1,48912.294513
2019-04-27,5315.0,5342.5,5257.67,5295.69,15422.896935
2019-04-28,5295.69,5340.0,5259.48,5307.52,14371.433869
2019-04-29,5309.81,5332.0,5178.8,5238.14,19918.135079
2019-04-30,5238.14,5339.98,5192.15,5320.81,22238.06823
2019-05-01,5321.94,5402.0,5316.2,5383.2,17217.473216
2019-05-02,5383.2,5538.0,5370.0,5492.87,22795.787835
2019-05-03,5494.81,5844.0,5477.57,5772.69,46297.172849
2019-05-04,5770.62,5900.0,5587.45,5829.45,39682.408991
2019-05-05,5829.83,5839.9,5696.0,5775.62,23822.543775
2019-05-06,5773.18,5805.0,5619.14,5747.79,25256.596325
2019-05-07,5749.92,6028.41,5747.74,5846.34,39905.064422
2019-05-08,5846.34,6014.72,5772.2,5987.29,23074.05152
2019-05-09,5986.66,6224.55,5983.71,6209.18,27453.011436
2019-05-10,6209.95,6468.92,6172.0,6373.33,36623.61079
2019-05-11,6375.16,7343.99,6372.85,7076.22,74022.424393
2019-05-12,7076.24,7521.78,6750.0,6967.31,86948.975339
2019-05-13,6968.24,8100.0,6870.0,7790.71,85804.735333
2019-05-14,7795.62,8366.0,7599.56,7947.56,76583.722603
2019-05-15,7945.26,8249.0,7850.0,8169.87,37884.327211
2019-05-16,8169.08,8320.0,7705.0,7866.59,69630.513996
2019-05-17,7868.67,7925.0,6913.0,7355.26,88752.008159
2019-05-18,7355.28,7458.0,7156.61,7257.45,37054.944779
2019-05-19,7257.32,8275.09,7243.08,8148.48,65577.442058
2019-05-20,8147.94,8156.03,7553.0,7938.15,65859.208564
2019-05-21,7937.16,8042.32,7771.0,7904.87,52301.752247
2019-05-22,7904.48,8016.0,7465.0,7628.43,49136.994589
2019-05-23,7627.8,7940.98,7461.0,7851.51,49648.184701
2019-05-24,7849.95,8130.0,7766.0,7964.87,46664.785325
2019-05-25,7964.52,8091.8,7908.34,8025.41,28414.328817
2019-05-26,8023.0,8740.0,7833.42,8614.43,49652.144567
2019-05-27,8612.54,8908.32,8589.0,8756.32,51886.768793
2019-05-28,8752.52,8798.49,8510.63,8715.64,31470.551534
2019-05-29,8716.87,8750.0,8406.6,8645.68,33880.865922
2019-05-30,8646.5,9074.26,8005.0,8269.54,70379.998521
2019-05-31,8267.1,8594.0,8108.5,8555.0,44727.49162
2019-06-01,8555.0,8626.0,8442.36,8544.07,31868.234157
2019-06-02,8545.1,8814.78,8524.0,8725.98,27835.133265
2019-06-03,8726.0,8800.95,8080.8,8115.82,45692.965104
2019-06-04,8115.66,8115.66,7481.02,7687.03,74143.948941
2019-06-05,7687.04,7896.7,7572.78,7776.5,48679.656455
2019-06-06,7778.08,7868.13,7444.58,7786.7,36624.118747
2019-06-07,7787.57,8100.0,7737.49,7980.53,33942.225658
2019-06-08,7978.94,8044.65,7751.0,7893.62,22657.329634
2019-06-09,7895.28,7935.0,7506.66,7628.13,31568.465157
2019-06-10,7627.57,8020.0,7511.0,7982.75,36756.078468
2019-06-11,7981.0,8010.0,7692.23,7884.9,30334.999427
2019-06-12,7884.9,8200.0,7788.99,8127.64,41597.082622
2019-06-13,8127.64,8309.82,8010.03,8218.54,30467.764341
2019-06-14,8216.44,8684.41,8144.32,8650.0,39835.246255
2019-06-15,8650.88,8864.99,8567.63,8808.7,31791.636039
2019-06-16,8810.77,9333.0,8760.0,8953.33,63289.251219
2019-06-17,8953.0,9444.0,8950.0,9313.96,47895.485374
2019-06-18,9312.13,9336.36,8950.0,9081.55,51554.569401
2019-06-19,9081.97,9304.0,8960.0,9255.49,32147.706495
2019-06-20,9253.76,9590.0,9175.2,9517.12,34556.053982
2019-06-21,9518.06,10174.99,9518.06,10159.86,50484.415892
2019-06-22,10159.86,11160.0,9921.72,10729.5,104169.447976
2019-06-23,10729.0,11392.64,10555.18,10906.07,57445.323945
2019-06-24,10905.95,11143.63,10620.8,11056.59,43101.045285
2019-06-25,11056.59,11850.0,11026.0,11820.86,61276.686648
2019-06-26,11821.28,13970.0,11741.0,13093.8,155930.147386
2019-06-27,13098.38,13478.04,10525.1,11329.99,173894.820889
2019-06-28,11329.99,12480.0,10982.88,12400.63,95795.203964
2019-06-29,12407.06,12441.54,11475.02,11903.13,69642.074157
2019-06-30,11903.13,12180.0,10766.03,10854.1,84512.530443
2019-07-01,10854.1,11282.28,10030.0,10624.93,90962.268271
2019-07-02,10624.9,10938.75,9727.0,10842.85,109561.038728
2019-07-03,10844.98,11991.89,10841.04,11940.0,96815.90029
2019-07-04,11940.0,12000.0,11055.0,11145.67,66512.221892
2019-07-05,11145.67,11406.83,10796.44,10970.73,63534.350582
2019-07-06,10982.41,11665.0,10964.51,11256.49,51469.496331
2019-07-07,11256.45,11538.0,11094.37,11406.24,38884.795599
2019-07-08,11410.0,12338.03,11220.0,12238.6,52182.367215
2019-07-09,12238.6,12794.73,12068.0,12543.41,78442.130343
2019-07-10,12548.51,13147.08,11569.0,12108.37,109246.044997
2019-07-11,12108.11,12111.73,11000.0,11342.89,87506.461058
2019-07-12,11342.88,11885.0,11073.0,11757.22,56321.858281
2019-07-13,11757.22,11799.98,10830.0,11355.76,54245.594548
2019-07-14,11355.78,11452.0,10103.0,10174.18,72517.579236
2019-07-15,10174.18,11100.0,9860.0,10838.72,81922.426332
2019-07-16,10833.78,11028.0,9350.01,9439.59,97219.443413
2019-07-17,9430.17,9957.0,9060.0,9667.92,84942.672717
2019-07-18,9668.86,10788.0,9252.0,10627.16,80283.310252
2019-07-19,10628.64,10769.71,10121.84,10504.29,56546.932133
2019-07-20,10505.78,11068.99,10350.0,10740.23,47331.899848
2019-07-21,10740.27,10817.9,10288.0,10589.45,38834.287935
2019-07-22,10590.15,10683.16,10100.0,10340.31,40467.954839
2019-07-23,10343.08,10343.97,9822.0,9864.91,47624.37071
2019-07-24,9864.78,9937.0,9525.0,9763.28,43475.380377
2019-07-25,9763.4,10175.0,9720.03,9879.87,37873.354728
2019-07-26,9882.15,9889.98,9637.0,9824.0,27167.463217
2019-07-27,9824.0,10188.66,9333.0,9476.52,43809.778301
2019-07-28,9478.92,9594.99,9165.0,9541.54,29401.022937
2019-07-29,9541.54,9729.0,9395.0,9507.64,29021.937411
2019-07-30,9509.07,9714.28,9402.0,9574.21,32536.368834
2019-07-31,9575.0,10109.8,9555.0,10080.53,39515.35456
2019-08-01,10080.53,10467.86,9863.46,10374.99,41727.637028
2019-08-02,10375.0,10670.0,10281.35,10523.75,42990.444221
2019-08-03,10523.75,10904.77,10497.93,10816.86,33802.318824
2019-08-04,10816.86,11040.0,10552.0,10929.23,39924.745141
2019-08-05,10929.99,11937.52,10927.8,11828.8,65153.673713
2019-08-06,11830.0,12330.7,11226.7,11481.69,76705.389875
2019-08-07,11481.69,12141.17,11382.84,11975.03,69173.390353
2019-08-08,11975.04,12060.0,11521.0,11999.77,51207.257174
2019-08-09,11994.17,12045.68,11700.0,11879.99,39427.152588
2019-08-10,11879.98,11985.0,11270.0,11309.31,42633.087048
2019-08-11,11309.24,11600.0,11112.11,11549.97,26772.90691
2019-08-12,11539.08,11577.89,11235.32,11396.08,17568.227075
2019-08-13,11398.35,11456.16,10788.45,10892.71,33234.72968
2019-08-14,10893.36,10897.48,9928.1,10050.37,54451.847499
2019-08-15,10055.16,10460.0,9911.0,10293.93,38174.45112
2019-08-16,10296.77,10536.03,9750.0,10331.54,51758.142918
2019-08-17,10331.15,10465.14,10000.0,10216.02,29000.581201
2019-08-18,10216.05,10500.0,10080.0,10306.78,24085.395172
2019-08-19,10306.17,10930.0,10258.6,10915.54,37243.319217
2019-08-20,10914.73,10949.96,10560.0,10760.51,32298.921679
2019-08-21,10760.51,10804.13,9858.0,10142.57,47355.719282
2019-08-22,10140.82,10242.0,9762.0,10099.88,34059.642738
2019-08-23,10099.9,10445.0,10019.79,10389.55,27550.336173
2019-08-24,10388.16,10419.42,9890.0,10134.35,27692.456844
2019-08-25,10134.61,10333.0,9906.97,10142.69,26271.657398
2019-08-26,10142.69,10604.0,10137.93,10372.25,41687.511599
2019-08-27,10373.6,10391.08,10051.08,10185.05,28402.775383
2019-08-28,10185.69,10299.0,9601.01,9721.0,42110.555375
2019-08-29,9721.0,9724.0,9320.0,9498.44,35532.69491
2019-08-30,9499.01,9696.0,9350.41,9584.54,26834.318104
2019-08-31,9582.76,9684.51,9420.75,9587.47,17130.290074
2019-09-01,9588.74,9830.0,9520.0,9724.98,19545.404843
2019-09-02,9723.59,10450.0,9712.5,10340.0,44740.248093
2019-09-03,10340.0,10773.0,10272.0,10615.28,47998.376781
2019-09-04,10611.85,10799.0,10369.89,10567.02,43943.889026
2019-09-05,10565.92,10900.0,10450.0,10564.49,33970.960639
2019-09-06,10563.13,10905.87,10150.0,10298.73,58799.640959
2019-09-07,10298.71,10558.0,10288.57,10455.88,27637.877392
2019-09-08,10455.9,10592.5,10208.0,10381.18,23984.672018
2019-09-09,10381.24,10480.0,10068.5,10303.12,39835.727608
2019-09-10,10302.58,10384.99,9953.0,10098.15,28915.412225
2019-09-11,10098.19,10293.0,9880.0,10158.33,31953.824562
2019-09-12,10158.75,10448.81,10040.0,10415.01,34511.162755
2019-09-13,10415.01,10439.0,10153.0,10342.06,30280.339776
2019-09-14,10344.13,10419.99,10222.33,10335.02,23621.533519
2019-09-15,10332.81,10360.0,10252.15,10302.01,18047.654013
2019-09-16,10303.34,10355.0,10078.0,10251.31,28971.401657
2019-09-17,10249.68,10275.0,10128.01,10187.82,22914.324563
2019-09-18,10187.48,10258.02,10100.0,10156.99,24250.249303
2019-09-19,10156.41,10325.0,9653.0,10244.29,44826.282579
2019-09-20,10243.7,10281.0,10061.39,10168.59,25088.491069
2019-09-21,10167.92,10176.7,9900.0,9986.39,20544.175196
2019-09-22,9985.15,10089.0,9853.97,10028.87,22049.275256
2019-09-23,10028.05,10049.99,9615.77,9702.25,31937.232356
2019-09-24,9702.2,9794.99,7800.0,8493.14,94007.345203
2019-09-25,8497.55,8730.0,8215.64,8430.05,60783.892258
2019-09-26,8430.05,8465.99,7750.0,8063.73,67930.853749
2019-09-27,8063.49,8265.0,7852.15,8177.91,43882.924625
2019-09-28,8177.47,8315.0,8001.09,8198.81,34473.605165
2019-09-29,8199.38,8229.13,7890.0,8043.82,31544.211388
2019-09-30,8043.04,8337.26,7710.0,8289.34,55865.48726
2019-10-01,8289.97,8500.0,8173.05,8292.44,43472.418091
2019-10-02,8292.67,8373.91,8151.22,8359.94,26243.386644
2019-10-03,8360.0,8393.0,8060.0,8223.96,30488.284058
2019-10-04,8224.43,8232.41,8005.0,8137.13,26476.330404
2019-10-05,8137.09,8183.41,8012.98,8126.19,21907.615564
2019-10-06,8127.55,8153.87,7785.0,7854.25,34676.104049
2019-10-07,7855.3,8299.92,7762.0,8190.09,52202.072297
2019-10-08,8190.82,8325.0,8088.75,8168.39,35452.657423
2019-10-09,8170.79,8670.0,8115.0,8560.74,55038.704378
2019-10-10,8562.15,8644.0,8414.52,8558.03,39137.946167
2019-10-11,8557.82,8779.51,8212.38,8258.5,50405.284418
2019-10-12,8257.95,8400.0,8250.0,8300.09,21339.334098
2019-10-13,8301.98,8451.37,8160.0,8275.01,27840.739953
2019-10-14,8275.24,8388.85,8203.0,8348.2,29810.663253
2019-10-15,8346.86,8403.0,8090.0,8159.29,32773.062476
2019-10-16,8159.3,8181.16,7917.0,7991.74,34733.593966
2019-10-17,7995.02,8124.92,7929.03,8070.58,29656.949158
2019-10-18,8070.71,8115.0,7816.01,7947.01,31353.181416
2019-10-19,7946.89,8098.1,7866.92,7948.01,26627.889388
2019-10-20,7949.87,8297.0,7870.0,8223.35,34286.452654
2019-10-21,8223.35,8333.0,8142.03,8197.27,30448.679539
2019-10-22,8197.28,8297.99,8000.0,8020.0,34651.828663
2019-10-23,8020.06,8047.59,7300.0,7466.62,63897.457098
2019-10-24,7468.47,7503.68,7337.99,7412.41,32714.383265
2019-10-25,7412.41,8799.0,7361.0,8655.02,90748.218174
2019-10-26,8655.88,10370.0,8470.38,9230.0,162588.585413
2019-10-27,9230.0,9794.98,9074.34,9529.93,93833.541604
2019-10-28,9528.23,9902.1,9160.0,9205.14,80174.217323
2019-10-29,9204.45,9550.0,9072.0,9407.62,64158.462446
2019-10-30,9407.62,9409.84,9001.01,9154.72,55241.786434
2019-10-31,9154.02,9405.0,8913.0,9140.85,54376.024902
2019-11-01,9140.86,9279.0,9030.0,9231.61,43594.814115
2019-11-02,9231.4,9373.74,9186.21,9289.52,28923.060828
2019-11-03,9289.85,9362.57,9066.14,9194.71,27894.378279
2019-11-04,9196.46,9513.68,9115.84,9393.35,45894.456277
2019-11-05,9392.4,9454.95,9175.76,9308.66,45935.873665
2019-11-06,9307.73,9440.91,9250.01,9339.05,37336.170372
2019-11-07,9339.16,9375.0,9101.0,9216.2,39117.470853
2019-11-08,9214.0,9261.0,8696.0,8773.73,62107.289243
2019-11-09,8773.74,8880.0,8724.88,8809.41,29469.481405
2019-11-10,8809.18,9147.19,8750.0,9039.47,34422.029797
2019-11-11,9040.16,9072.32,8618.68,8733.27,44888.053545
2019-11-12,8733.36,8888.0,8567.6,8821.94,40366.629471
2019-11-13,8821.91,8844.99,8702.0,8777.12,26810.116918
2019-11-14,8777.54,8800.0,8582.6,8646.68,33468.468961
2019-11-15,8646.38,8790.0,8400.0,8471.73,46087.417751
2019-11-16,8471.62,8543.0,8400.0,8491.02,20902.299752
2019-11-17,8490.74,8635.0,8350.68,8502.4,27009.037082
2019-11-18,8502.87,8503.52,8060.0,8187.17,43017.69094
2019-11-19,8186.5,8218.63,8003.0,8133.64,43556.061025
2019-11-20,8133.83,8264.29,8038.4,8098.01,32466.23098
2019-11-21,8098.56,8134.73,7500.0,7627.74,58418.780261
2019-11-22,7627.79,7750.0,6790.0,7268.23,126603.140259
2019-11-23,7268.23,7344.48,7080.01,7311.57,50449.894755
2019-11-24,7311.1,7330.39,6861.0,6903.28,67890.206483
2019-11-25,6900.23,7377.69,6515.0,7109.57,119645.735197
2019-11-26,7109.99,7340.0,7017.48,7156.14,65722.39769
2019-11-27,7154.75,7655.0,6840.0,7508.52,92452.87349
2019-11-28,7507.9,7643.0,7360.0,7419.49,56933.981109
2019-11-29,7418.52,7850.0,7362.3,7739.68,60745.300873
2019-11-30,7740.99,7810.0,7441.0,7541.89,46989.433619
2019-12-01,7540.63,7541.85,7210.0,7390.89,60769.342313
2019-12-02,7391.5,7420.56,7151.1,7294.28,46330.25604
2019-12-03,7294.42,7400.0,7241.35,7292.71,33149.477487
2019-12-04,7292.71,7750.0,7067.0,7194.32,83147.149142
2019-12-05,7194.59,7485.0,7150.0,7389.0,59306.678855
2019-12-06,7389.0,7590.03,7305.0,7527.47,48189.087944
2019-12-07,7527.8,7619.62,7470.16,7488.21,31498.684173
2019-12-08,7487.31,7564.0,7374.86,7510.11,29856.897631
2019-12-09,7510.11,7650.0,7273.0,7338.64,46621.887493
2019-12-10,7338.64,7407.6,7157.1,7224.13,49723.76214
2019-12-11,7224.15,7275.5,7125.66,7210.0,30093.091944
2019-12-12,7210.0,7295.0,7080.3,7198.08,42288.600932
2019-12-13,7197.76,7309.05,7190.76,7258.48,27609.873795
2019-12-14,7257.37,7271.77,7012.0,7064.05,29561.985967
2019-12-15,7064.14,7200.3,7008.35,7118.59,26395.778137
2019-12-16,7119.6,7150.0,6836.0,6891.72,43863.993059
2019-12-17,6891.44,6942.21,6560.0,6623.82,53865.069929
2019-12-18,6623.84,7440.0,6435.0,7277.83,95636.651251
2019-12-19,7277.83,7380.0,7038.31,7150.3,55509.049075
2019-12-20,7151.31,7220.0,7079.5,7187.83,32132.069205
2019-12-21,7188.01,7190.58,7105.0,7132.75,19467.174028
2019-12-22,7131.59,7518.54,7122.47,7501.44,39137.45515
2019-12-23,7500.71,7695.38,7265.84,7317.09,68051.997203
2019-12-24,7317.3,7436.68,7157.04,7255.77,43629.494188
2019-12-25,7255.77,7271.77,7128.86,7204.63,27492.044323
2019-12-26,7205.01,7435.0,7157.12,7202.0,36259.761076
2019-12-27,7202.0,7275.86,7076.42,7254.74,33642.701861
2019-12-28,7254.77,7365.01,7238.67,7316.14,26848.982199
2019-12-29,7315.36,7528.45,7288.0,7388.24,31387.106085
2019-12-30,7388.43,7408.24,7220.0,7246.0,29605.911782
2019-12-31,7246.0,7320.0,7145.01,7195.23,25954.453533
2020-01-01,7195.24,7255.0,7175.15,7200.85,16792.388165
2020-01-02,7200.77,7212.5,6924.74,6965.71,31951.483932
2020-01-03,6965.49,7405.0,6871.04,7344.96,68428.500451
2020-01-04,7345.0,7404.0,7272.21,7354.11,29987.974977
2020-01-05,7354.19,7495.0,7318.0,7358.75,38331.085604
2020-01-06,7357.64,7795.34,7346.76,7758.0,54635.695316
2020-01-07,7758.9,8207.68,7723.71,8145.28,91171.684661
2020-01-08,8145.92,8455.0,7870.0,8055.98,112622.64264
2020-01-09,8054.72,8055.96,7750.0,7817.76,64239.51983
2020-01-10,7817.74,8199.0,7672.0,8197.02,82406.777448
2020-01-11,8198.86,8286.34,8003.16,8020.01,54810.032667
2020-01-12,8020.01,8197.0,7960.0,8184.98,38131.494336
2020-01-13,8184.97,8196.0,8055.89,8110.34,31159.755683
2020-01-14,8110.34,8880.0,8105.54,8810.01,120399.126742
2020-01-15,8814.64,8916.48,8564.0,8821.41,84816.297606
2020-01-16,8820.01,8859.81,8586.0,8720.01,51991.074284
2020-01-17,8720.15,9041.65,8672.44,8913.28,70897.737377
2020-01-18,8913.27,8988.88,8806.38,8915.96,38294.746545
2020-01-19,8915.09,9198.98,8466.0,8701.7,70676.889259
2020-01-20,8701.72,8746.99,8521.28,8642.35,38896.639746
2020-01-21,8642.35,8789.0,8488.0,8736.03,36494.687659
2020-01-22,8736.04,8818.0,8590.0,8682.36,29080.557138
2020-01-23,8682.77,8691.81,8306.39,8404.52,48165.944597
2020-01-24,8404.52,8528.02,8238.0,8439.0,41687.529529
2020-01-25,8438.99,8451.26,8254.9,8340.58,25521.157932
2020-01-26,8340.01,8618.13,8293.66,8615.0,31130.485164
2020-01-27,8614.39,9000.0,8535.0,8907.57,53973.542996
2020-01-28,8907.57,9400.0,8862.4,9374.21,74584.853765
2020-01-29,9375.34,9449.24,9216.0,9301.53,53864.065122
2020-01-30,9301.57,9578.0,9204.44,9513.21,60626.744259
2020-01-31,9511.52,9530.22,9210.01,9352.89,45552.022352
2020-02-01,9351.71,9464.53,9281.0,9384.61,28578.067354
2020-02-02,9384.41,9477.03,9120.0,9331.51,45690.91254
2020-02-03,9331.59,9618.79,9234.0,9292.24,50892.133451
2020-02-04,9291.35,9350.0,9093.01,9197.02,53308.175266
2020-02-05,9197.02,9744.45,9177.22,9612.04,64870.415615
2020-02-06,9612.03,9862.57,9526.35,9772.0,64949.706588
2020-02-07,9772.0,9885.0,9730.0,9813.73,43966.114632
2020-02-08,9813.87,9940.0,9667.11,9895.05,43600.843666
2020-02-09,9895.04,10166.0,9880.75,10151.75,43408.475616
2020-02-10,10151.72,10188.0,9756.0,9851.83,59573.084619
2020-02-11,9851.74,10323.59,9700.0,10223.08,62422.395224
2020-02-12,10223.08,10450.0,10223.08,10326.46,61008.06393
2020-02-13,10325.33,10500.0,10080.0,10229.63,79344.358759
2020-02-14,10227.78,10381.56,10111.37,10344.36,47038.480173
2020-02-15,10344.36,10375.0,9801.0,9904.72,57657.202947
2020-02-16,9904.46,10050.0,9638.12,9917.27,60023.999537
2020-02-17,9910.7,9964.16,9452.67,9706.0,70261.011901
2020-02-18,9706.0,10250.0,9576.01,10164.71,70604.124019
2020-02-19,10164.78,10250.0,9350.0,9593.79,55162.586895
2020-02-20,9594.65,9699.0,9400.0,9596.42,60152.342914
2020-02-21,9597.21,9755.51,9550.21,9677.05,42181.554524
2020-02-22,9677.05,9709.17,9560.02,9650.86,24636.757623
2020-02-23,9650.85,9990.0,9645.0,9936.4,37702.089843
2020-02-24,9936.4,9990.0,9473.56,9656.13,55796.59612
2020-02-25,9655.52,9675.0,9250.0,9315.84,54379.344552
2020-02-26,9316.48,9377.44,8633.63,8785.25,92130.345482
2020-02-27,8786.0,8971.77,8531.0,8823.21,72483.578762
2020-02-28,8823.25,8900.0,8445.0,8692.91,71155.208977
2020-02-29,8690.8,8790.0,8523.55,8523.61,36748.183035
2020-03-01,8523.61,8750.0,8411.0,8531.88,43892.201779
2020-03-02,8530.3,8965.75,8498.0,8915.24,60401.31773
2020-03-03,8911.18,8919.65,8651.0,8760.07,55154.997282
2020-03-04,8760.07,8848.29,8660.0,8750.87,38696.482578
2020-03-05,8750.99,9159.42,8746.54,9054.68,58201.866355
2020-03-06,9054.64,9170.0,8985.5,9131.88,43782.948044
2020-03-07,9130.89,9188.0,8835.0,8886.66,45422.204525
2020-03-08,8885.25,8886.76,8000.0,8033.31,77537.315166
2020-03-09,8034.76,8179.31,7632.01,7929.87,116968.863268
2020-03-10,7929.87,8149.0,7728.01,7894.56,86783.443875
2020-03-11,7894.57,7980.0,7590.0,7934.52,79942.411172
2020-03-12,7934.58,7966.17,4410.0,4800.0,261505.608653
2020-03-13,4800.01,5955.0,3782.13,5578.6,402201.673764
2020-03-14,5576.05,5640.52,5055.13,5172.06,136910.135974
2020-03-15,5172.48,5940.0,5093.1,5361.3,139916.146534
2020-03-16,5360.33,5365.42,4442.12,5028.97,227276.92276
2020-03-17,5028.86,5525.0,4921.45,5312.64,150089.926318
2020-03-18,5312.64,5436.17,5009.37,5393.04,137127.634894
2020-03-19,5393.26,6400.0,5252.53,6162.37,199020.873439
2020-03-20,6162.05,6900.0,5670.0,6208.36,219298.329514
2020-03-21,6204.57,6456.98,5860.02,6186.98,128913.668363
2020-03-22,6187.04,6407.87,5734.01,5816.19,119115.990527
2020-03-23,5816.05,6600.0,5688.0,6467.31,164674.215785
2020-03-24,6465.25,6833.0,6371.33,6744.72,151138.009878
2020-03-25,6744.69,6957.96,6450.0,6677.43,132155.734989
2020-03-26,6677.42,6780.0,6510.0,6737.36,83026.555211
2020-03-27,6737.27,6842.59,6261.0,6359.11,82914.968354
2020-03-28,6359.11,6360.0,6024.0,6236.65,93159.693429
2020-03-29,6236.65,6266.0,5866.56,5881.42,63311.627714
2020-03-30,5880.5,6599.0,5857.76,6394.38,118889.549992
2020-03-31,6394.45,6523.23,6321.4,6410.44,72337.595259
2020-04-01,6412.14,6679.94,6150.11,6642.92,97500.7524
2020-04-02,6643.36,7198.0,6551.0,6794.09,149299.906871
2020-04-03,6793.86,7048.0,6602.1,6734.1,104080.276939
2020-04-04,6732.97,6990.41,6650.01,6856.99,72990.861139
2020-04-05,6857.41,6895.54,6677.52,6772.78,49685.356983
2020-04-06,6772.78,7355.14,6765.0,7329.9,118052.000832
2020-04-07,7329.9,7459.69,7077.0,7197.32,103585.168918
2020-04-08,7197.32,7420.0,7150.0,7361.28,76059.145838
2020-04-09,7360.26,7371.92,7108.08,7283.54,61094.872417
2020-04-10,7283.54,7295.75,6739.98,6858.92,104674.623375
2020-04-11,6858.92,6944.3,6760.0,6876.83,45470.293206
2020-04-12,6876.84,7177.0,6780.0,6903.79,73868.666501
2020-04-13,6903.79,6903.79,6575.0,6837.91,96415.476573
2020-04-14,6838.04,6978.0,6754.28,6868.7,69068.623285
2020-04-15,6868.57,6933.0,6605.0,6621.24,61571.384994
2020-04-16,6621.25,7190.0,6468.27,7101.94,125009.857539
2020-04-17,7101.99,7148.12,6972.98,7027.55,54126.509763
2020-04-18,7026.78,7293.08,7014.4,7248.6,49488.542819
2020-04-19,7248.6,7266.15,7055.6,7120.74,45664.86393
2020-04-20,7121.4,7220.0,6751.0,6826.83,90149.49137
2020-04-21,6828.98,6940.0,6762.0,6841.37,60109.710808
2020-04-22,6841.36,7156.38,6818.0,7125.14,61486.377334
2020-04-23,7125.12,7738.0,7020.0,7482.39,102773.569561
2020-04-24,7483.96,7615.96,7388.0,7505.0,60182.119939
2020-04-25,7505.0,7705.0,7431.07,7538.67,43874.427726
2020-04-26,7539.03,7700.0,7480.0,7693.1,50522.616209
2020-04-27,7693.1,7792.02,7606.0,7774.62,65441.339576
2020-04-28,7773.51,7780.0,7659.12,7738.98,46302.752638
2020-04-29,7738.58,8952.89,7710.05,8778.57,183546.887514
2020-04-30,8778.58,9460.0,8401.0,8620.0,206277.214124
2020-05-01,8620.0,9059.18,8613.56,8826.96,91468.815059
2020-05-02,8825.67,9010.0,8753.0,8972.05,59002.08755
2020-05-03,8972.58,9200.0,8712.0,8894.16,90126.065643
2020-05-04,8894.15,8950.0,8522.0,8871.96,84418.512331
2020-05-05,8871.92,9118.58,8760.0,9021.83,76480.765342
2020-05-06,9021.36,9395.0,8906.21,9142.92,105925.30242
2020-05-07,9143.4,10067.0,9021.0,9986.4,147154.611378
2020-05-08,9986.3,10035.96,9705.0,9800.01,100683.7964
2020-05-09,9800.02,9914.25,9520.0,9539.4,81950.679567
2020-05-10,9539.1,9574.83,8117.0,8722.77,183865.182028
2020-05-11,8722.77,9168.0,8200.0,8561.52,168807.251832
2020-05-12,8562.04,8978.26,8528.78,8810.79,86522.780066
2020-05-13,8810.99,9398.0,8792.99,9309.37,92466.274018
2020-05-14,9309.35,9939.0,9256.76,9791.98,129565.37747
2020-05-15,9791.97,9845.62,9150.0,9316.42,115890.761516
2020-05-16,9315.96,9588.0,9220.0,9381.27,59587.627862
2020-05-17,9380.81,9888.0,9322.1,9680.04,68647.764323
2020-05-18,9681.11,9950.0,9464.23,9733.93,82006.603583
2020-05-19,9733.93,9897.21,9474.0,9775.53,78539.760454
2020-05-20,9775.13,9842.0,9326.0,9511.43,74923.73809
2020-05-21,9511.43,9578.47,8815.0,9068.65,108928.780969
2020-05-22,9067.51,9271.0,8933.52,9170.0,58943.131024
2020-05-23,9170.0,9307.85,9070.0,9179.15,43526.296966
2020-05-24,9179.01,9298.0,8700.0,8720.34,70379.86645
2020-05-25,8718.14,8979.66,8642.72,8900.35,62833.910949
2020-05-26,8900.35,9017.67,8700.0,8841.18,58299.770138
2020-05-27,8841.0,9225.0,8811.73,9204.07,68910.355514
2020-05-28,9204.07,9625.47,9110.0,9575.89,74110.787662
2020-05-29,9575.87,9605.26,9330.0,9427.07,57374.362961
2020-05-30,9426.6,9740.0,9331.23,9697.72,55665.27254
2020-05-31,9697.72,9700.0,9381.41,9448.27,48333.786403
2020-06-01,9448.27,10380.0,9421.67,10200.77,76649.12696
2020-06-02,10202.71,10228.99,9266.0,9518.04,108970.773151
2020-06-03,9518.02,9690.0,9365.21,9666.24,46252.644939
2020-06-04,9666.32,9881.63,9450.0,9789.06,57456.100969
2020-06-05,9788.14,9854.75,9581.0,9621.16,47788.05005
2020-06-06,9621.17,9735.0,9531.05,9666.3,32752.950893
2020-06-07,9666.85,9802.0,9372.46,9746.99,57952.848385
2020-06-08,9746.99,9800.0,9633.0,9782.01,40664.664125
2020-06-09,9782.0,9877.0,9570.0,9772.43,46024.001289
2020-06-10,9772.44,9992.72,9704.18,9885.0,47130.762982
2020-06-11,9885.22,9964.0,9113.0,9280.4,94418.98473
2020-06-12,9278.88,9557.12,9232.51,9465.13,50119.066932
2020-06-13,9464.96,9494.73,9351.0,9473.34,27759.784851
2020-06-14,9473.34,9480.99,9245.0,9342.1,30055.506608
2020-06-15,9342.1,9495.0,8910.45,9426.02,86107.924707
2020-06-16,9426.05,9589.0,9373.09,9525.59,52052.446927
2020-06-17,9526.97,9565.0,9236.61,9465.14,48046.411152
2020-06-18,9465.13,9489.0,9280.0,9386.32,37381.953765
2020-06-19,9386.32,9438.3,9215.79,9310.23,45330.983673
2020-06-20,9310.23,9395.0,9170.95,9358.95,30329.065384
2020-06-21,9358.95,9422.0,9281.54,9294.69,24316.926234
2020-06-22,9294.69,9780.0,9277.09,9685.69,57895.468343
2020-06-23,9685.69,9720.0,9577.03,9624.89,41031.02938
2020-06-24,9624.33,9670.0,9208.0,9296.49,61571.561464
2020-06-25,9298.33,9340.0,9009.69,9249.49,55831.619156
2020-06-26,9249.49,9298.0,9045.45,9162.21,50292.298277
2020-06-27,9162.21,9196.24,8833.0,9012.0,46290.930113
2020-06-28,9012.0,9191.0,8948.06,9116.35,30688.176421
2020-06-29,9116.16,9238.0,9024.67,9192.56,42120.293261
2020-06-30,9192.93,9205.0,9064.89,9138.55,31463.162801
2020-07-01,9138.08,9292.0,9080.1,9232.0,38488.528699
2020-07-02,9231.99,9261.96,8940.0,9086.54,45725.168076
2020-07-03,9086.54,9125.0,9037.47,9058.26,28943.420177
2020-07-04,9057.79,9190.0,9040.04,9135.46,26441.968484
2020-07-05,9135.0,9145.24,8893.03,9069.41,34073.653627
2020-07-06,9069.41,9375.0,9055.92,9344.2,54463.132277
2020-07-07,9342.47,9379.42,9203.0,9257.39,34587.336678
2020-07-08,9257.4,9470.0,9231.0,9436.06,56140.517781
2020-07-09,9436.06,9440.79,9160.0,9232.43,48044.450645
2020-07-10,9232.42,9317.48,9125.0,9288.34,38295.494006
2020-07-11,9288.34,9299.28,9178.25,9234.03,22561.366
2020-07-12,9234.02,9345.0,9157.5,9302.75,30872.702286
2020-07-13,9303.31,9343.82,9200.89,9242.62,42740.069115
2020-07-14,9242.61,9279.54,9113.0,9255.85,45772.552509
2020-07-15,9255.85,9276.49,9160.57,9197.6,39053.579665
2020-07-16,9197.6,9226.15,9047.25,9133.72,43375.571191
2020-07-17,9133.72,9186.83,9089.81,9154.32,28054.358741
2020-07-18,9154.31,9219.3,9121.1,9170.28,22554.541457
2020-07-19,9170.3,9232.27,9101.35,9208.99,26052.019417
2020-07-20,9208.99,9221.52,9131.0,9160.78,35458.764082
2020-07-21,9160.78,9437.73,9152.8,9390.0,60413.582486
2020-07-22,9390.0,9544.0,9261.0,9518.16,48815.004107
2020-07-23,9518.16,9664.0,9440.33,9603.27,51856.2335
2020-07-24,9603.27,9637.0,9463.44,9537.8,43931.136205
2020-07-25,9538.1,9732.9,9513.0,9700.42,40679.545416
2020-07-26,9700.42,10111.0,9650.0,9931.54,65279.269319
2020-07-27,9931.54,11394.86,9917.21,11029.96,150188.933144
2020-07-28,11029.96,11242.23,10565.0,10906.27,97267.734187
2020-07-29,10906.27,11342.82,10812.0,11100.53,76838.094233
2020-07-30,11100.52,11170.0,10831.0,11099.61,60794.826456
2020-07-31,11099.79,11444.0,10960.0,11335.46,70063.660974
2020-08-01,11335.46,11861.0,11220.0,11801.17,85087.485126
2020-08-02,11801.17,12123.46,10518.5,11071.35,97553.077604
2020-08-03,11071.36,11473.0,10936.0,11219.81,56931.841475
2020-08-04,11219.68,11414.98,11000.0,11191.97,58629.113709
2020-08-05,11191.99,11780.93,11093.0,11744.91,74970.256852
2020-08-06,11744.91,11900.0,11562.5,11762.46,63529.08502
2020-08-07,11762.47,11909.94,11322.0,11594.23,65755.926022
2020-08-08,11594.36,11808.27,11512.0,11761.41,41858.16104
2020-08-09,11761.02,11797.11,11521.97,11681.68,41493.067342
2020-08-10,11681.69,12067.35,11450.0,11892.92,84952.337887
2020-08-11,11892.9,11935.0,11125.0,11392.08,90748.284634
2020-08-12,11392.09,11617.52,11150.0,11564.33,64909.613644
2020-08-13,11564.34,11792.96,11270.36,11780.0,70132.491502
2020-08-14,11779.77,11850.0,11634.03,11760.54,59818.852697
2020-08-15,11760.55,11980.0,11680.0,11852.4,56237.90505
2020-08-16,11852.4,11931.72,11686.0,11911.0,41368.236906
2020-08-17,11910.99,12468.0,11769.78,12281.13,84734.21154
2020-08-18,12281.15,12387.77,11817.93,11945.01,75923.835527
2020-08-19,11945.1,12020.08,11561.0,11754.59,73940.169606
2020-08-20,11754.38,11888.0,11668.0,11853.55,46085.254351
2020-08-21,11853.54,11878.0,11485.81,11531.34,64448.306142
2020-08-22,11531.23,11686.0,11376.81,11662.96,43678.701646
2020-08-23,11663.51,11718.07,11514.13,11648.13,37900.00469
2020-08-24,11648.12,11824.9,11585.09,11748.2,46212.391867
2020-08-25,11748.19,11767.85,11117.64,11318.42,69590.923272
2020-08-26,11318.42,11539.32,11244.0,11461.43,53998.231231
2020-08-27,11461.42,11592.2,11125.0,11330.38,63246.036383
2020-08-28,11330.38,11542.65,11276.89,11526.91,45953.908365
2020-08-29,11526.9,11580.02,11417.04,11465.84,32973.7992
2020-08-30,11465.84,11719.0,11458.0,11711.16,43177.879054
2020-08-31,11711.17,11800.77,11570.0,11649.51,55353.617744
2020-09-01,11649.51,12050.85,11515.0,11921.97,78148.193668
2020-09-02,11921.97,11954.57,11160.1,11388.54,87221.845602
2020-09-03,11388.54,11462.6,9960.8,10140.85,121950.106015
2020-09-04,10138.29,10627.05,9875.5,10446.25,92733.599113
2020-09-05,10446.25,10565.68,9825.0,10166.69,90001.605568
2020-09-06,10166.69,10347.14,9994.86,10256.2,56368.788815
2020-09-07,10255.89,10410.75,9875.0,10373.44,62620.230676
2020-09-08,10373.45,10438.0,9850.0,10126.65,73491.878418
2020-09-09,10126.66,10343.0,9981.01,10219.2,49347.113776
2020-09-10,10219.29,10483.35,10070.83,10336.87,58253.75375
2020-09-11,10336.86,10397.6,10200.0,10387.89,43830.254467
2020-09-12,10387.89,10477.97,10269.25,10440.92,35379.153096
2020-09-13,10440.67,10580.11,10200.0,10332.83,43837.609865
2020-09-14,10332.84,10750.0,10212.34,10671.77,67059.291361
2020-09-15,10671.77,10930.04,10606.48,10785.31,61822.452786
2020-09-16,10785.23,11093.0,10661.22,10954.01,64991.51244
2020-09-17,10954.01,11045.46,10745.83,10939.99,55601.614529
2020-09-18,10940.0,11038.03,10812.84,10933.39,47266.728275
2020-09-19,10933.4,11179.79,10887.37,11080.65,38440.036858
2020-09-20,11080.64,11080.64,10723.0,10920.28,39157.922565
2020-09-21,10920.28,10988.86,10296.35,10417.22,70683.431179
2020-09-22,10417.22,10572.71,10353.0,10529.61,43991.235476
2020-09-23,10529.61,10537.15,10136.82,10241.46,51876.568079
2020-09-24,10241.46,10795.24,10190.93,10736.32,57676.619427
2020-09-25,10736.33,10760.53,10556.24,10686.67,48101.117008
2020-09-26,10686.57,10820.94,10644.68,10728.6,28420.836659
2020-09-27,10728.59,10799.0,10594.82,10774.25,30549.483253
2020-09-28,10774.26,10950.0,10626.0,10696.12,50095.251734
2020-09-29,10696.11,10867.54,10635.87,10840.48,41874.898399
2020-09-30,10840.58,10849.34,10665.13,10776.59,39596.027322
2020-10-01,10776.59,10920.0,10437.0,10619.13,60866.332893
2020-10-02,10619.13,10664.64,10374.0,10570.4,50130.393705
2020-10-03,10570.4,10603.56,10496.46,10542.06,22298.221341
2020-10-04,10542.07,10696.87,10517.87,10666.63,23212.001595
2020-10-05,10666.62,10798.0,10615.64,10792.21,34025.761653
2020-10-06,10792.2,10800.0,10525.0,10599.66,48674.740471
2020-10-07,10599.65,10681.87,10546.17,10666.39,32811.990279
2020-10-08,10666.4,10950.0,10530.41,10925.57,51959.691572
2020-10-09,10925.44,11104.64,10829.0,11050.64,48240.073237
2020-10-10,11050.64,11491.0,11050.51,11293.22,43648.036943
2020-10-11,11293.22,11445.0,11221.0,11369.02,29043.851339
2020-10-12,11369.02,11720.01,11172.0,11528.25,52825.28371
2020-10-13,11528.24,11557.0,11300.0,11420.56,42205.283709
2020-10-14,11420.57,11547.98,11280.0,11417.89,41415.106015
2020-10-15,11417.89,11617.34,11250.83,11505.12,48760.717679
2020-10-16,11505.13,11541.15,11200.0,11319.32,48797.749502
2020-10-17,11319.24,11402.42,11255.0,11360.2,22368.915241
2020-10-18,11360.31,11505.0,11346.22,11503.14,23284.041191
2020-10-19,11503.14,11823.99,11407.96,11751.47,47414.534692
2020-10-20,11751.46,12038.38,11677.59,11909.99,62134.750663
2020-10-21,11910.0,13217.68,11886.95,12780.96,114584.456767
2020-10-22,12780.75,13185.0,12678.08,12968.52,70038.824144
2020-10-23,12968.84,13027.69,12720.08,12923.07,50386.999841
2020-10-24,12923.06,13166.73,12870.0,13111.73,35952.20907
2020-10-25,13111.73,13350.0,12888.0,13028.83,38481.579504
2020-10-26,13029.64,13238.81,12765.0,13052.19,60951.672986
2020-10-27,13052.15,13789.29,13019.87,13636.17,80796.553996
2020-10-28,13636.16,13859.48,12888.0,13266.4,94440.561226
2020-10-29,13266.4,13642.91,12920.77,13455.7,74872.602132
2020-10-30,13455.69,13669.98,13115.0,13560.1,70657.778881
2020-10-31,13560.1,14100.0,13411.5,13791.0,67339.238515
2020-11-01,13791.0,13895.0,13603.0,13761.5,36285.648526
2020-11-02,13761.49,13830.0,13195.05,13549.37,64566.421908
2020-11-03,13549.63,14066.11,13284.99,14023.53,74115.630787
2020-11-04,14023.53,14259.0,13525.0,14144.01,93016.988262
2020-11-05,14144.01,15750.0,14093.56,15590.02,143741.522673
2020-11-06,15590.02,15960.0,15166.0,15579.92,122618.197695
2020-11-07,15579.93,15753.52,14344.22,14818.3,101431.206553
2020-11-08,14818.3,15650.0,14703.88,15475.1,65547.178574
2020-11-09,15475.1,15840.0,14805.54,15328.41,108976.334134
2020-11-10,15328.41,15460.0,15072.46,15297.21,61681.919606
2020-11-11,15297.21,15965.0,15272.68,15684.24,78469.746458
2020-11-12,15684.25,16340.7,15440.64,16291.86,102196.356592
2020-11-13,16291.85,16480.0,15952.35,16320.7,75691.881014
2020-11-14,16320.04,16326.99,15670.0,16070.45,59116.347179
2020-11-15,16069.56,16180.0,15774.72,15957.0,43596.841513
2020-11-16,15957.0,16880.0,15864.0,16713.57,81300.675924
2020-11-17,16713.08,17858.82,16538.0,17659.38,115221.403102
2020-11-18,17659.38,18476.93,17214.45,17776.12,149019.788134
2020-11-19,17777.75,18179.8,17335.65,17802.82,93009.561008
2020-11-20,17802.81,18815.22,17740.04,18655.67,88423.018489
2020-11-21,18655.66,18965.9,18308.58,18703.8,75577.458394
2020-11-22,18703.8,18750.0,17610.86,18414.43,81645.737778
2020-11-23,18413.88,18766.0,18000.0,18368.0,82961.506093
2020-11-24,18368.01,19418.97,18018.0,19160.01,113581.509241
2020-11-25,19160.0,19484.21,18500.27,18719.11,93266.576887
2020-11-26,18718.83,18915.03,16188.0,17149.47,181005.246693
2020-11-27,17149.47,17457.62,16438.08,17139.52,85297.024787
2020-11-28,17139.53,17880.49,16865.56,17719.85,64910.69997
2020-11-29,17719.84,18360.05,17517.0,18184.99,55329.016303
2020-11-30,18185.0,19863.16,18184.99,19695.87,115463.466888
2020-12-01,19695.87,19888.0,18001.12,18764.96,127698.762652
2020-12-02,18764.96,19342.0,18330.0,19204.09,75911.013478
2020-12-03,19204.08,19598.0,18867.2,19421.9,66689.391279
2020-12-04,19422.34,19527.0,18565.31,18650.52,71283.6682
2020-12-05,18650.51,19177.0,18500.0,19147.66,42922.748573
2020-12-06,19147.66,19420.0,18857.0,19359.4,37043.091861
2020-12-07,19358.67,19420.91,18902.88,19166.9,41372.296293
2020-12-08,19166.9,19294.84,18200.0,18324.11,61626.947614
2020-12-09,18324.11,18639.57,17650.0,18541.28,79585.553801
2020-12-10,18541.29,18557.32,17911.12,18254.63,52890.675094
2020-12-11,18254.81,18292.73,17572.33,18036.53,72610.724259
2020-12-12,18036.53,18948.66,18020.7,18808.69,49519.978432
2020-12-13,18808.69,19411.0,18711.12,19174.99,56560.821744
2020-12-14,19174.99,19349.0,19000.0,19273.14,47257.201294
2020-12-15,19273.69,19570.0,19050.0,19426.43,61834.366011
2020-12-16,19426.43,21560.0,19278.6,21335.52,114306.33557
2020-12-17,21335.52,23800.0,21230.0,22797.16,184882.476748
2020-12-18,22797.15,23285.18,22350.0,23107.39,79646.134315
2020-12-19,23107.39,24171.47,22750.0,23821.61,86045.064677
2020-12-20,23821.6,24295.0,23060.0,23455.52,76690.145685
2020-12-21,23455.54,24102.77,21815.0,22719.71,88030.297243
2020-12-22,22719.88,23837.1,22353.4,23810.79,87033.12616
2020-12-23,23810.79,24100.0,22600.0,23232.76,119047.259733
2020-12-24,23232.39,23794.43,22703.42,23729.2,69013.834252
2020-12-25,23728.99,24789.86,23433.6,24712.47,79519.943569
2020-12-26,24712.47,26867.03,24500.0,26493.39,97806.513386
2020-12-27,26493.4,28422.0,25700.0,26281.66,148455.586214
2020-12-28,26281.54,27500.0,26101.0,27079.41,79721.742496
2020-12-29,27079.42,27410.0,25880.0,27385.0,69411.592606
2020-12-30,27385.0,28996.0,27320.0,28875.54,95356.057826
2020-12-31,28875.55,29300.0,27850.0,28923.63,75508.505152
2021-01-01,28923.63,29600.0,28624.57,29331.69,54182.925011
2021-01-02,29331.7,33300.0,28946.53,32178.33,129993.873362
2021-01-03,32176.45,34778.11,31962.99,33000.05,120957.56675
2021-01-04,33000.05,33600.0,28130.0,31988.71,140899.88569
2021-01-05,31989.75,34360.0,29900.0,33949.53,116049.997038
2021-01-06,33949.53,36939.21,33288.0,36769.36,127139.20131
2021-01-07,36769.36,40365.0,36300.0,39432.28,132825.700437
2021-01-08,39432.48,41950.0,36500.0,40582.81,139789.957499
2021-01-09,40586.96,41380.0,38720.0,40088.22,75785.979675
2021-01-10,40088.22,41350.0,35111.11,38150.02,118209.544503
2021-01-11,38150.02,38264.74,30420.0,35404.47,249131.539943
2021-01-12,35410.37,36628.0,32531.0,34051.24,133948.151996
2021-01-13,34049.15,37850.0,32380.0,37371.38,124477.914938
2021-01-14,37371.38,40100.0,36701.23,39144.5,102950.389421
2021-01-15,39145.21,39747.76,34408.0,36742.22,118300.920916
2021-01-16,36737.43,37950.0,35357.8,35994.98,86348.431508
2021-01-17,35994.98,36852.5,33850.0,35828.61,80157.727384
2021-01-18,35824.99,37469.83,34800.0,36631.27,70698.11875
2021-01-19,36622.46,37850.0,35844.06,35891.49,79611.307769
2021-01-20,35901.94,36415.31,33400.0,35468.23,89368.422918
2021-01-21,35468.23,35600.0,30071.0,30850.13,131803.182926
2021-01-22,30851.99,33826.53,28850.0,32945.17,142971.684049
2021-01-23,32950.0,33456.0,31390.16,32078.0,64595.287675
2021-01-24,32078.0,33071.0,30900.0,32259.9,57978.037966
2021-01-25,32259.45,34875.0,31910.0,32254.2,88499.226921
2021-01-26,32254.19,32921.88,30837.37,32467.77,84972.20691
2021-01-27,32464.01,32557.29,29241.72,30366.15,95911.961711
2021-01-28,30362.19,33783.98,29842.1,33364.86,92621.145617
2021-01-29,33368.18,38531.9,31915.4,34252.2,231827.005626
2021-01-30,34246.28,34933.0,32825.0,34262.88,84889.68134
2021-01-31,34262.89,34342.69,32171.67,33092.98,68742.280384
2021-02-01,33092.97,34717.27,32296.16,33526.37,82718.276882
2021-02-02,33517.09,35984.33,33418.0,35466.24,78056.65988
2021-02-03,35472.71,37662.63,35362.38,37618.87,80784.333663
2021-02-04,37620.26,38708.27,36161.95,36936.66,92080.735898
2021-02-05,36936.65,38310.12,36570.0,38290.24,66681.334275
2021-02-06,38289.32,40955.51,38215.94,39186.94,98757.311183
2021-02-07,39181.01,39700.0,37351.0,38795.69,84363.679763
2021-02-08,38795.69,46794.45,37988.89,46374.87,138597.536914
2021-02-09,46374.86,48142.19,44961.09,46420.42,115499.861712
2021-02-10,46420.42,47310.0,43727.0,44807.58,97154.1822
2021-02-11,44807.58,48678.9,43994.02,47969.51,89561.081454
2021-02-12,47968.66,48985.8,46125.0,47287.6,85870.035697
2021-02-13,47298.15,48150.0,46202.53,47153.69,63768.097399
2021-02-14,47156.78,49707.43,47014.17,48577.79,73735.475533
2021-02-15,48580.47,49010.92,45570.79,47911.1,79398.156784
2021-02-16,47911.1,50689.18,47003.62,49133.45,88813.266298
2021-02-17,49133.45,52618.74,48947.0,52119.71,85743.637818
2021-02-18,52117.67,52530.0,50901.9,51552.6,60758.046954
2021-02-19,51552.61,56368.0,50710.2,55906.0,79659.77802
2021-02-20,55906.0,57700.46,53863.93,55841.19,80948.205314
2021-02-21,55841.19,58352.8,55477.59,57408.57,58166.708511
2021-02-22,57412.35,57508.47,47622.0,54087.67,134019.434944
2021-02-23,54087.67,54183.59,44892.56,48891.0,169375.025051
2021-02-24,48891.0,51374.99,46988.69,49676.2,91881.209252
2021-02-25,49676.21,52041.73,46674.34,47073.73,83310.673121
2021-02-26,47073.73,48424.11,44106.78,46276.87,109423.200663
2021-02-27,46276.88,48394.0,45000.0,46106.43,66060.834292
2021-02-28,46103.67,46638.46,43000.0,45135.66,83055.369042
2021-03-01,45134.11,49790.0,44950.53,49587.03,85086.111648
2021-03-02,49595.76,50200.0,47047.6,48440.65,64221.06214
2021-03-03,48436.61,52640.0,48100.71,50349.37,81035.913705
2021-03-04,50349.37,51773.88,47500.0,48374.09,82649.716829
2021-03-05,48374.09,49448.93,46300.0,48751.71,78192.496372
2021-03-06,48746.81,49200.0,47070.0,48882.2,44399.234242
2021-03-07,48882.2,51450.03,48882.2,50971.75,55235.028032
2021-03-08,50959.11,52402.78,49274.67,52375.17,66987.359664
2021-03-09,52375.18,54895.0,51789.41,54884.5,71656.737076
2021-03-10,54874.67,57387.69,53005.0,55851.59,84749.238943
2021-03-11,55851.59,58150.0,54272.82,57773.16,81914.812859
2021-03-12,57773.15,58081.51,54962.84,57221.72,73405.406047
2021-03-13,57221.72,61844.0,56078.23,61188.39,83245.091346
2021-03-14,61188.38,61724.79,58966.78,58968.31,52601.05275
2021-03-15,58976.08,60633.43,54600.0,55605.2,102771.427298
2021-03-16,55605.2,56938.29,53271.34,56900.75,77986.694355
2021-03-17,56900.74,58974.73,54123.69,58912.97,70421.620841
2021-03-18,58912.97,60129.97,57023.0,57648.16,66580.406675
2021-03-19,57641.0,59468.0,56270.74,58030.01,52392.652961
2021-03-20,58030.01,59880.0,57820.17,58102.28,44476.941776
2021-03-21,58100.02,58589.1,55450.11,57351.56,48564.470274
2021-03-22,57351.56,58430.73,53650.0,54083.25,62581.626169
2021-03-23,54083.25,55830.9,53000.0,54340.89,59789.365427
2021-03-24,54342.8,57200.0,51700.0,52303.65,83537.465021
2021-03-25,52303.66,53287.0,50427.56,51293.78,87400.534538
2021-03-26,51293.78,55073.46,51214.6,55025.59,63813.774692
2021-03-27,55025.59,56700.36,53950.0,55817.14,50105.475055
2021-03-28,55817.14,56559.75,54691.84,55777.63,39050.387511
2021-03-29,55777.65,58405.82,54800.01,57635.47,67857.937398
2021-03-30,57635.46,59368.0,57071.35,58746.57,55122.443122
2021-03-31,58746.57,59800.0,56769.0,58740.55,60975.542666
2021-04-01,58739.46,59490.0,57935.45,58720.44,47415.61722
2021-04-02,58720.45,60200.0,58428.57,58950.01,47382.418781
2021-04-03,58950.01,59791.72,56880.0,57051.94,47409.852113
2021-04-04,57051.95,58492.85,56388.0,58202.01,41314.081973
2021-04-05,58202.01,59272.0,56777.77,59129.99,54258.01579
2021-04-06,59129.99,59495.24,57413.02,57991.15,54201.000727
2021-04-07,57990.03,58655.0,55473.0,55953.45,71228.405659
2021-04-08,55953.44,58153.31,55700.0,58077.52,44283.147019
2021-04-09,58077.52,58894.9,57654.0,58142.54,40831.884911
2021-04-10,58142.55,61500.0,57900.01,59769.13,69906.424117
2021-04-11,59769.13,60699.0,59232.52,60002.43,41156.715391
2021-04-12,59998.8,61300.0,59350.59,59860.0,56375.037117
2021-04-13,59860.01,63777.77,59805.15,63575.0,82848.688746
2021-04-14,63575.01,64854.0,61301.0,62959.53,82616.343993
2021-04-15,62959.53,63800.0,62020.0,63159.98,51649.70034
2021-04-16,63158.74,63520.61,60000.0,61334.8,91764.139884
2021-04-17,61334.81,62506.05,59580.91,60006.66,58912.256128
2021-04-18,60006.67,60499.0,50931.3,56150.01,124882.131824
2021-04-19,56150.01,57526.81,54221.58,55633.14,78229.042267
2021-04-20,55633.14,57076.24,53329.96,56425.0,72744.482151
2021-04-21,56425.0,56757.91,53536.02,53787.63,66984.756909
2021-04-22,53787.62,55521.48,50500.0,51690.96,104656.631337
2021-04-23,51690.95,52131.85,47500.0,51125.14,132230.780719
2021-04-24,51110.56,51166.22,48657.14,50047.84,55361.512573
2021-04-25,50047.84,50567.91,46930.0,49066.77,58255.645004
2021-04-26,49066.76,54356.62,48753.44,54001.39,86310.802124
2021-04-27,54001.38,55460.0,53222.0,55011.97,54064.034675
2021-04-28,55011.97,56428.0,53813.16,54846.22,55130.459015
2021-04-29,54846.23,55195.84,52330.94,53555.0,52486.019455
2021-04-30,53555.0,57963.0,53013.01,57694.27,68578.910045
2021-05-01,57697.25,58458.07,56956.14,57800.37,42600.351836
2021-05-02,57797.35,57911.02,56035.25,56578.21,36812.878863
2021-05-03,56578.21,58981.44,56435.0,57169.39,57649.931286
2021-05-04,57169.39,57200.0,53046.69,53200.01,85324.625903
2021-05-05,53205.05,58069.82,52900.0,57436.11,77263.923439
2021-05-06,57436.11,58360.0,55200.0,56393.68,70181.671908
2021-05-07,56393.68,58650.0,55241.63,57314.75,74542.747829
2021-05-08,57315.49,59500.0,56900.0,58862.05,69709.906028
2021-05-09,58866.53,59300.0,56235.66,58240.84,69806.11991
2021-05-10,58240.83,59500.0,53400.0,55816.14,89586.34925
2021-05-11,55816.14,56862.43,54370.0,56670.02,64329.54055
2021-05-12,56670.02,58000.01,48600.0,49631.32,99842.789836
2021-05-13,49537.15,51367.19,46000.0,49670.97,147332.002121
2021-05-14,49671.92,51483.0,48799.75,49841.45,80082.204306
2021-05-15,49844.16,50700.0,46555.0,46762.99,89437.449359
2021-05-16,46762.99,49795.89,43825.39,46431.5,114269.812775
2021-05-17,46426.83,46686.0,42001.0,43538.04,166657.172736
2021-05-18,43538.02,45799.29,42250.02,42849.78,116979.860784
2021-05-19,42849.78,43584.9,30000.0,36690.09,354347.243161
2021-05-20,36671.23,42451.67,34850.0,40526.64,203017.596923
2021-05-21,40525.39,42200.0,33488.0,37252.01,202100.888258
2021-05-22,37263.35,38829.0,35200.62,37449.73,126542.243689
2021-05-23,37458.51,38270.64,31111.01,34655.25,217136.046593
2021-05-24,34681.44,39920.0,34031.0,38796.29,161630.893971
2021-05-25,38810.99,39791.77,36419.62,38324.72,111996.228404
2021-05-26,38324.72,40841.0,37800.44,39241.91,104780.773396
2021-05-27,39241.92,40411.14,37134.27,38529.98,86547.158794
2021-05-28,38529.99,38877.83,34684.0,35663.49,135377.62972
2021-05-29,35661.79,37338.58,33632.76,34605.15,112663.092689
2021-05-30,34605.15,36488.0,33379.0,35641.27,73535.386967
2021-05-31,35641.26,37499.0,34153.84,37253.81,94160.735289
2021-06-01,37253.82,37894.81,35666.0,36693.09,81234.66377
2021-06-02,36694.85,38225.0,35920.0,37568.68,67587.372495
2021-06-03,37568.68,39476.0,37170.0,39246.79,75889.106011
2021-06-04,39246.78,39289.07,35555.15,36829.0,91317.799245
2021-06-05,36829.15,37925.0,34800.0,35513.2,70459.62149
2021-06-06,35516.07,36480.0,35222.0,35796.31,47650.206637
2021-06-07,35796.31,36900.0,33300.0,33552.79,77574.952573
2021-06-08,33556.96,34068.01,31000.0,33380.81,123251.189037
2021-06-09,33380.8,37534.79,32396.82,37388.05,136607.597517
2021-06-10,37388.05,38491.0,35782.0,36675.72,109527.284943
2021-06-11,36677.83,37680.4,35936.77,37331.98,78466.0053
2021-06-12,37331.98,37463.63,34600.36,35546.11,87717.54999
2021-06-13,35546.12,39380.0,34757.0,39020.57,86921.025555
2021-06-14,39020.56,41064.05,38730.0,40516.29,108522.391949
2021-06-15,40516.28,41330.0,39506.4,40144.04,80679.622838
2021-06-16,40143.8,40527.14,38116.01,38349.01,87771.976937
2021-06-17,38349.0,39559.88,37365.0,38092.97,79541.307119
2021-06-18,38092.97,38202.84,35129.29,35819.84,95228.042935
2021-06-19,35820.48,36457.0,34803.52,35483.72,68712.449461
2021-06-20,35483.72,36137.72,33336.0,35600.16,89878.17085
2021-06-21,35600.17,35750.0,31251.23,31608.93,168778.873159
2021-06-22,31614.12,33298.78,28805.0,32509.56,204208.179762
2021-06-23,32509.56,34881.0,31683.0,33678.07,126966.100563
2021-06-24,33675.07,35298.0,32286.57,34663.09,86625.80426
2021-06-25,34663.08,35500.0,31275.0,31584.45,116061.130356
2021-06-26,31576.09,32730.0,30151.0,32283.65,107820.375287
2021-06-27,32283.65,34749.0,31973.45,34700.34,96613.244211
2021-06-28,34702.49,35297.71,33862.72,34494.89,82222.267819
2021-06-29,34494.89,36600.0,34225.43,35911.73,90788.79622
2021-06-30,35911.72,36100.0,34017.55,35045.0,77152.197634
2021-07-01,35045.0,35057.57,32711.0,33504.69,71708.266112
2021-07-02,33502.33,33977.04,32699.0,33786.55,56172.181378
2021-07-03,33786.54,34945.61,33316.73,34669.13,43044.578641
2021-07-04,34669.12,35967.85,34357.15,35286.51,43703.475789
2021-07-05,35288.13,35293.78,33125.55,33690.14,64123.874245
2021-07-06,33690.15,35118.88,33532.0,34220.01,58210.596349
2021-07-07,34220.02,35059.09,33777.77,33862.12,53807.521675
2021-07-08,33862.11,33929.64,32077.0,32875.71,70136.48032
2021-07-09,32875.71,34100.0,32261.07,33815.81,47153.939899
2021-07-10,33815.81,34262.0,33004.78,33502.87,34761.175468
2021-07-11,33502.87,34666.0,33306.47,34258.99,31572.647448
2021-07-12,34259.0,34678.43,32658.34,33086.63,48181.403762
2021-07-13,33086.94,33340.0,32202.25,32729.77,41126.361008
2021-07-14,32729.12,33114.03,31550.0,32820.02,46777.823484
2021-07-15,32820.03,33185.25,31133.0,31880.0,51639.576353
2021-07-16,31874.49,32249.18,31020.0,31383.87,48499.864154
2021-07-17,31383.86,31955.92,31164.31,31520.07,34012.242132
2021-07-18,31520.07,32435.0,31108.97,31778.56,35923.716186
2021-07-19,31778.57,31899.0,30407.44,30839.65,47340.468499
2021-07-20,30839.65,31063.07,29278.0,29790.35,61034.049017
2021-07-21,29790.34,32858.0,29482.61,32144.51,82796.265128
2021-07-22,32144.51,32591.35,31708.0,32287.83,46148.092433
2021-07-23,32287.58,33650.0,31924.32,33634.09,50112.863626
2021-07-24,33634.1,34500.0,33401.14,34258.14,47977.550138
2021-07-25,34261.51,35398.0,33851.12,35381.02,47852.928313
2021-07-26,35381.02,40550.0,35205.78,37237.6,152452.512724
2021-07-27,37241.33,39542.61,36383.0,39457.87,88397.267015
2021-07-28,39456.61,40900.0,38772.0,40019.56,101344.528441
2021-07-29,40019.57,40640.0,39200.0,40016.48,53998.439283
2021-07-30,40018.49,42316.71,38313.23,42206.37,73602.784805
2021-07-31,42206.36,42448.0,41000.15,41461.83,44849.791012
2021-08-01,41461.84,42599.0,39422.01,39845.44,53953.186326
2021-08-02,39850.27,40480.01,38690.0,39147.82,50837.351954
2021-08-03,39146.86,39780.0,37642.03,38207.05,57117.435853
2021-08-04,38207.04,39969.66,37508.56,39723.18,52329.35243
2021-08-05,39723.17,41350.0,37332.7,40862.46,84343.755621
2021-08-06,40862.46,43392.43,39853.86,42836.87,75753.941347
2021-08-07,42836.87,44700.0,42446.41,44572.54,73396.740808
2021-08-08,44572.54,45310.0,43261.0,43794.37,69329.092698
2021-08-09,43794.36,46454.15,42779.0,46253.4,74587.884845
2021-08-10,46248.87,46700.0,44589.46,45584.99,53814.643421
2021-08-11,45585.0,46743.47,45341.14,45511.0,52734.901977
2021-08-12,45510.67,46218.12,43770.0,44399.0,55266.108781
2021-08-13,44400.06,47886.0,44217.39,47800.0,48239.370431
2021-08-14,47799.99,48144.0,45971.03,47068.51,46114.359022
2021-08-15,47068.5,47372.27,45500.0,46973.82,42110.711334
2021-08-16,46973.82,48053.83,45660.0,45901.29,52480.574014
2021-08-17,45901.3,47160.0,44376.0,44695.95,57039.341629
2021-08-18,44695.95,46000.0,44203.28,44705.29,54099.415985
2021-08-19,44699.37,47033.0,43927.7,46760.62,53411.75392
2021-08-20,46760.62,49382.99,46622.99,49322.47,56850.352228
2021-08-21,49322.47,49757.04,48222.0,48821.87,46745.136584
2021-08-22,48821.88,49500.0,48050.0,49239.22,37007.887795
2021-08-23,49239.22,50500.0,49029.0,49488.85,52462.541954
2021-08-24,49488.85,49860.0,47600.0,47674.01,51014.594748
2021-08-25,47674.01,49264.3,47126.28,48973.32,44655.830342
2021-08-26,48973.32,49352.84,46250.0,46843.87,49371.277774
2021-08-27,46843.86,49149.93,46348.0,49069.9,42068.104965
2021-08-28,49069.9,49299.0,48346.88,48895.35,26681.063786
2021-08-29,48895.35,49632.27,47762.54,48767.83,32652.283473
2021-08-30,48767.84,48888.61,46853.0,46982.91,40288.35083
2021-08-31,46982.91,48246.11,46700.0,47100.89,48645.52737
2021-09-01,47100.89,49156.0,46512.0,48810.52,49904.65528
2021-09-02,48810.51,50450.13,48584.06,49246.64,54410.770538
2021-09-03,49246.63,51000.0,48316.84,49999.14,59025.644157
2021-09-04,49998.0,50535.69,49370.0,49915.64,34664.65959
2021-09-05,49917.54,51900.0,49450.0,51756.88,40544.835873
2021-09-06,51756.88,52780.0,50969.33,52663.9,49249.667081
2021-09-07,52666.2,52920.0,42843.05,46863.73,123048.802719
2021-09-08,46868.57,47340.99,44412.02,46048.31,65069.3152
2021-09-09,46048.31,47399.97,45513.08,46395.14,50651.66002
2021-09-10,46395.14,47033.0,44132.29,44850.91,49048.26618
2021-09-11,44842.2,45987.93,44722.22,45173.69,30440.4081
2021-09-12,45173.68,46460.0,44742.06,46025.24,32094.28052
2021-09-13,46025.23,46880.0,43370.0,44940.73,65429.15056
2021-09-14,44940.72,47250.0,44594.44,47111.52,44855.85099
2021-09-15,47103.28,48500.0,46682.32,48121.41,43204.71174
2021-09-16,48121.4,48557.0,47021.1,47737.82,40725.08895
2021-09-17,47737.81,48150.0,46699.56,47299.98,34461.92776
2021-09-18,47299.98,48843.2,47035.56,48292.74,30906.47038
2021-09-19,48292.75,48372.83,46829.18,47241.75,29847.24349
2021-09-20,47241.75,47347.25,42500.0,43015.62,78003.524443
2021-09-21,43016.64,43639.0,39600.0,40734.38,84534.080485
2021-09-22,40734.09,44000.55,40565.39,43543.61,58349.05542
2021-09-23,43546.37,44978.0,43069.09,44865.26,48699.57655
2021-09-24,44865.26,45200.0,40675.0,42810.57,84113.426292
2021-09-25,42810.58,42966.84,41646.28,42670.64,33594.57189
2021-09-26,42670.63,43950.0,40750.0,43160.9,49879.99765
2021-09-27,43160.9,44350.0,42098.0,42147.35,39776.84383
2021-09-28,42147.35,42787.38,40888.0,41026.54,43372.2624
2021-09-29,41025.01,42590.0,40753.88,41524.28,33511.53487
2021-09-30,41524.29,44141.37,41410.17,43824.1,46381.22781
2021-10-01,43820.01,48495.0,43283.03,48141.61,66244.87492
2021-10-02,48141.6,48336.59,47430.18,47634.9,30508.98131
2021-10-03,47634.89,49228.08,47088.0,48200.01,30825.05601
2021-10-04,48200.01,49536.12,46891.0,49224.94,46796.49372
2021-10-05,49224.93,51886.3,49022.4,51471.99,52125.66793
2021-10-06,51471.99,55750.0,50382.41,55315.0,79877.545181
2021-10-07,55315.0,55332.31,53357.0,53785.22,54917.37766
2021-10-08,53785.22,56100.0,53617.61,53951.43,46160.25785
2021-10-09,53955.67,55489.0,53661.67,54949.72,55177.08013
2021-10-10,54949.72,56561.31,54080.0,54659.0,89237.836128
2021-10-11,54659.01,57839.04,54415.06,57471.35,52933.165751
2021-10-12,57471.35,57680.0,53879.0,55996.93,53471.2855
2021-10-13,55996.91,57777.0,54167.19,57367.0,55808.44492
2021-10-14,57370.83,58532.54,56818.05,57347.94,43053.336781
2021-10-15,57347.94,62933.0,56850.0,61672.42,82512.908022
2021-10-16,61672.42,62378.42,60150.0,60875.57,35467.88096
2021-10-17,60875.57,61718.39,58963.0,61528.33,39099.24124
2021-10-18,61528.32,62695.78,59844.45,62009.84,51798.44844
2021-10-19,62005.6,64486.0,61322.22,64280.59,53628.107744
2021-10-20,64280.59,67000.0,63481.4,66001.41,51428.934856
2021-10-21,66001.4,66639.74,62000.0,62193.15,68538.64537
2021-10-22,62193.15,63732.39,60000.0,60688.22,52119.35886
2021-10-23,60688.23,61747.64,59562.15,61286.75,27626.93678
2021-10-24,61286.75,61500.0,59510.63,60852.22,31226.57676
2021-10-25,60852.22,63710.63,60650.0,63078.78,36853.83806
2021-10-26,63078.78,63293.48,59817.55,60328.81,40217.50083
2021-10-27,60328.81,61496.0,58000.0,58413.44,62124.49016
2021-10-28,58413.44,62499.0,57820.0,60575.89,61056.35301
2021-10-29,60575.9,62980.0,60174.81,62253.71,43973.90414
2021-10-30,62253.7,62359.25,60673.0,61859.19,31478.12566
2021-10-31,61859.19,62405.3,59945.36,61299.8,39267.63794
2021-11-01,61299.81,62437.74,59405.0,60911.11,44687.66672
2021-11-02,60911.12,64270.0,60624.68,63219.99,46368.2841
2021-11-03,63220.57,63500.0,60382.76,62896.48,43336.09049
2021-11-04,62896.49,63086.31,60677.01,61395.01,35930.93314
2021-11-05,61395.01,62595.72,60721.0,60937.12,31604.48749
2021-11-06,60940.18,61560.49,60050.0,61470.61,25590.57408
2021-11-07,61470.62,63286.35,61322.78,63273.59,25515.6883
2021-11-08,63273.58,67789.0,63273.58,67525.83,54442.094554
2021-11-09,67525.82,68524.25,66222.4,66947.66,44661.378068
2021-11-10,66947.67,69000.0,62822.9,64882.43,65171.504046
2021-11-11,64882.42,65600.07,64100.0,64774.26,37237.98058
2021-11-12,64774.25,65450.7,62278.0,64122.23,44490.10816
2021-11-13,64122.22,65000.0,63360.22,64380.0,22504.97383
2021-11-14,64380.01,65550.51,63576.27,65519.1,25705.07347
2021-11-15,65519.11,66401.82,63400.0,63606.74,37829.37124
2021-11-16,63606.73,63617.31,58574.07,60058.87,77455.15609
2021-11-17,60058.87,60840.23,58373.0,60344.87,46289.38491
2021-11-18,60344.86,60976.0,56474.26,56891.62,62146.99931
2021-11-19,56891.62,58320.0,55600.0,58052.24,50715.88726
2021-11-20,58057.1,59845.0,57353.0,59707.51,33811.5901
2021-11-21,59707.52,60029.76,58486.65,58622.02,31902.22785
2021-11-22,58617.7,59444.0,55610.0,56247.18,51724.32047
2021-11-23,56243.83,58009.99,55317.0,57541.27,49917.85017
2021-11-24,57541.26,57735.0,55837.0,57138.29,39612.04964
2021-11-25,57138.29,59398.9,57000.0,58960.36,42153.51522
2021-11-26,58960.37,59150.0,53500.0,53726.53,65927.87066
2021-11-27,53723.72,55280.0,53610.0,54721.03,29716.99957
2021-11-28,54716.47,57445.05,53256.64,57274.88,36163.7137
2021-11-29,57274.89,58865.97,56666.67,57776.25,40125.28009
2021-11-30,57776.25,59176.99,55875.55,56950.56,49161.05194
2021-12-01,56950.56,59053.55,56458.01,57184.07,44956.63656
2021-12-02,57184.07,57375.47,55777.77,56480.34,37574.05976
2021-12-03,56484.26,57600.0,51680.0,53601.05,58927.69027
2021-12-04,53601.05,53859.1,42000.3,49152.47,114203.373748
2021-12-05,49152.46,49699.05,47727.21,49396.33,45580.82012
2021-12-06,49396.32,50891.11,47100.0,50441.92,58571.21575
2021-12-07,50441.91,51936.33,50039.74,50588.95,38253.46877
2021-12-08,50588.95,51200.0,48600.0,50471.19,38425.92466
2021-12-09,50471.19,50797.76,47320.0,47545.59,37692.68665
2021-12-10,47535.9,50125.0,46852.0,47140.54,44233.57391
2021-12-11,47140.54,49485.71,46751.0,49389.99,28889.19358
2021-12-12,49389.99,50777.0,48638.0,50053.9,26017.93421
2021-12-13,50053.9,50189.97,45672.75,46702.75,50869.52093
2021-12-14,46702.76,48700.41,46290.0,48343.28,39955.98445
2021-12-15,48336.95,49500.0,46547.0,48864.98,51629.181
2021-12-16,48864.98,49436.43,47511.0,47632.38,31949.86739
2021-12-17,47632.38,47995.96,45456.0,46131.2,43104.4887
2021-12-18,46133.83,47392.37,45500.0,46834.48,25020.05271
2021-12-19,46834.47,48300.01,46406.91,46681.23,29305.70665
2021-12-20,46681.24,47537.57,45558.85,46914.16,35848.50609
2021-12-21,46914.17,49328.96,46630.0,48889.88,37713.92924
2021-12-22,48887.59,49576.13,48421.87,48588.16,27004.2022
2021-12-23,48588.17,51375.0,47920.42,50838.81,35192.54046
2021-12-24,50838.82,51810.0,50384.43,50820.0,31661.94946
2021-12-25,50819.99,51156.23,50142.32,50399.66,19135.51613
2021-12-26,50399.67,51280.0,49412.0,50775.49,22569.88914
2021-12-27,50775.48,52088.0,50449.0,50701.44,28779.58212
2021-12-28,50701.44,50704.05,47313.01,47543.74,45853.33924
2021-12-29,47543.74,48139.08,46096.99,46464.66,39498.87
2021-12-30,46464.66,47900.0,45900.0,47120.87,30352.29569
2021-12-31,47120.88,48548.26,45678.0,46216.93,34937.99796
